ex_major_countries_Levin <-
c(`0` = 81.8068648918773, `1` = 81.0543446524261, `2` = 80.1785633602111, 
`3` = 79.196202308118, `4` = 78.1556918464044, `5` = 77.1039686559146, 
`6` = 76.0772057939796, `7` = 75.0751231568692, `8` = 74.0888420051497, 
`9` = 73.1098313811418, `10` = 72.1298821554018, `11` = 71.1428810311217, 
`12` = 70.1499906421811, `13` = 69.1540679141166, `14` = 68.1578562915737, 
`15` = 67.1639844157673, `16` = 66.1744257373099, `17` = 65.188932445196, 
`18` = 64.2067380493199, `19` = 63.2271055895299, `20` = 62.2493270194364, 
`21` = 61.2727947314915, `22` = 60.2972094870404, `23` = 59.3223534693057, 
`24` = 58.3480171939696, `25` = 57.3739994721965, `26` = 56.4001797275882, 
`27` = 55.4267266423586, `28` = 54.4538693682667, `29` = 53.4818240780521, 
`30` = 52.5107940121085, `31` = 51.5409348006124, `32` = 50.5722546559241, 
`33` = 49.6047247213634, `34` = 48.6383143917185, `35` = 47.6729913044697, 
`36` = 46.708799360425, `37` = 45.7460822149108, `38` = 44.7852344694125, 
`39` = 43.8266224900163, `40` = 42.8705847331296, `41` = 41.9174282691976, 
`42` = 40.9674182075435, `43` = 40.0207904531425, `44` = 39.077756055956, 
`45` = 38.1385016433955, `46` = 37.2032294351792, `47` = 36.2722702273336, 
`48` = 35.3459568155464, `49` = 34.4245845598483, `50` = 33.50841233381, 
`51` = 32.5976466674799, `52` = 31.6923950429908, `53` = 30.7927207902049, 
`54` = 29.8986607394518, `55` = 29.0102256591198, `56` = 28.1274925223065, 
`57` = 27.2508643835999, `58` = 26.3807746866053, `59` = 25.5175958318035, 
`60` = 24.6616413924008, `61` = 23.8131351439269, `62` = 22.9721197765491, 
`63` = 22.1385651642494, `64` = 21.3124025002584, `65` = 20.4935244287175, 
`66` = 19.6819335893392, `67` = 18.8781599746935, `68` = 18.0827831603777, 
`69` = 17.2962866673301, `70` = 16.5190629777244, `71` = 15.7515788663182, 
`72` = 14.9948310806274, `73` = 14.2498436944879, `74` = 13.5175250354174, 
`75` = 12.7986882887688, `76` = 12.0943199007117, `77` = 11.4063041442671, 
`78` = 10.7367182580404, `79` = 10.0876859425431, `80` = 9.46150572391873, 
`81` = 8.86016399042563, `82` = 8.28359493395348, `83` = 7.73174417710132, 
`84` = 7.20534394735794, `85` = 6.7061694171985, `86` = 6.23624644102711, 
`87` = 5.79446035553524, `88` = 5.37966045474437, `89` = 4.99180729654602, 
`90` = 4.63222141842065, `91` = 4.30313503361627, `92` = 4.00470541581062, 
`93` = 3.73549234406839, `94` = 3.49024783378066, `95` = 3.25325342572658, 
`96` = 2.99693116083376, `97` = 2.71816926238054, `98` = 2.43573339342273, 
`99` = 2.20488331841112, `100` = 2.20669984978693)
