ex_major_countries_Levin_pop_weight <-
c(`0` = 80.7853346793415, `1` = 80.1270779643643, `2` = 79.2984115787036, 
`3` = 78.3218776267113, `4` = 77.2646920748236, `5` = 76.1921062239734, 
`6` = 75.1543024558496, `7` = 74.1507738102508, `8` = 73.1691028617063, 
`9` = 72.1973738310283, `10` = 71.2241219702421, `11` = 70.2408157379418, 
`12` = 69.2491175765774, `13` = 68.253063412217, `14` = 67.256527842636, 
`15` = 66.2632213905821, `16` = 65.2759680568799, `17` = 64.2946122589336, 
`18` = 63.3182976473419, `19` = 62.3462003030478, `20` = 61.3775276595899, 
`21` = 60.4115616682321, `22` = 59.4477855896506, `23` = 58.485744928436, 
`24` = 57.5250025030034, `25` = 56.5651382482314, `26` = 55.605834475099, 
`27` = 54.6471223243695, `28` = 53.6891120906784, `29` = 52.7319065690004, 
`30` = 51.7756010744096, `31` = 50.8202788336966, `32` = 49.8659976830054, 
`33` = 48.9128047668157, `34` = 47.9607412574018, `35` = 47.0098423680869, 
`36` = 46.0601629585529, `37` = 45.1118509324801, `38` = 44.165065794132, 
`39` = 43.2199526995943, `40` = 42.2766425472205, `41` = 41.3353276817809, 
`42` = 40.3964779340382, `43` = 39.460599110393, `44` = 38.5281566332823, 
`45` = 37.5995762826368, `46` = 36.6752926973668, `47` = 35.7558859733103, 
`48` = 34.8419299573135, `49` = 33.9339454310046, `50` = 33.0324020044017, 
`51` = 32.1376596895234, `52` = 31.249799326111, `53` = 30.3688179048616, 
`54` = 29.4946906060446, `55` = 28.6273712357978, `56` = 27.7668439107187, 
`57` = 26.913268888085, `58` = 26.0668185121662, `59` = 25.2276264054413, 
`60` = 24.3957887186314, `61` = 23.5712912823042, `62` = 22.7538011401011, 
`63` = 21.9429029630739, `64` = 21.1381719849978, `65` = 20.3391717960265, 
`66` = 19.5457871635434, `67` = 18.7591673496526, `68` = 17.980655152638, 
`69` = 17.2114584641705, `70` = 16.4526621603691, `71` = 15.7051935109115, 
`72` = 14.9697008572514, `73` = 14.2467215144091, `74` = 13.5367445371325, 
`75` = 12.8402268033114, `76` = 12.1577942101338, `77` = 11.4907889484582, 
`78` = 10.8407549832639, `79` = 10.209333005786, `80` = 9.598360411754, 
`81` = 9.00951976881036, `82` = 8.44305793519609, `83` = 7.89931889659049, 
`84` = 7.37935717089767, `85` = 6.8851905179451, `86` = 6.41902071229946, 
`87` = 5.97990846098954, `88` = 5.56679044642671, `89` = 5.17958261917734, 
`90` = 4.81937796152381, `91` = 4.48796185414434, `92` = 4.18496635632389, 
`93` = 3.90829650468555, `94` = 3.65219161770989, `95` = 3.40168471695645, 
`96` = 3.13267434731579, `97` = 2.84498411969955, `98` = 2.55921255338832, 
`99` = 2.33006840503149, `100` = 2.325747859178)
